$ 1 0.000005 10.20027730826997 50 5 50 5e-11
t 608 240 640 240 0 1 -4.780331037629605 0.2196642831089977 100 default
t 688 240 720 240 0 1 -4.780331037627822 0.21966428311078035 100 default
r 640 144 640 208 0 4700
w 640 224 640 208 0
w 640 208 720 208 0
s 544 240 608 240 0 1 false
s 544 304 608 304 0 1 false
w 720 208 720 224 0
w 720 208 800 208 0
w 688 240 688 304 0
w 688 304 608 304 0
r 544 240 480 240 0 10000
r 544 304 480 304 0 10000
w 640 256 640 336 0
w 640 336 720 336 0
w 720 336 720 256 0
O 800 208 832 208 0 0
g 640 336 640 352 0 0
R 640 144 640 112 0 0 40 5 0 0 0.5
w 480 240 480 304 0
w 480 240 480 144 0
w 480 144 640 144 0
