$ 1 0.000005 10.20027730826997 50 5 50 5e-11
R 720 240 720 208 0 0 40 5 0 0 0.5
s 336 352 432 352 0 0 false
s 336 400 432 400 0 1 false
R 336 352 304 352 0 0 40 5 0 0 0.5
R 336 400 304 400 0 0 40 5 0 0 0.5
t 608 336 640 336 0 1 0.5731157473847517 0.6120999105674022 100 default
t 752 336 784 336 0 1 -4.9610157002738 0.03898425031776987 100 default
w 640 320 640 288 0
w 784 320 784 288 0
r 640 288 640 240 0 4700
r 784 288 784 240 0 4700
w 640 240 720 240 0
w 720 240 784 240 0
w 640 352 640 384 0
w 784 352 784 384 0
w 640 384 720 384 0
w 720 384 784 384 0
g 720 384 720 416 0 0
r 704 320 752 320 0 10000
w 752 320 752 336 0
w 704 320 640 320 0
r 704 352 752 352 0 10000
w 752 336 752 352 0
w 432 400 704 400 0
w 704 400 704 352 0
r 544 336 592 336 0 10000
w 592 336 608 336 0
w 432 352 544 352 0
w 544 336 544 352 0
w 784 320 896 320 0
w 1008 464 1120 464 0
w 816 480 832 480 0
r 768 480 816 480 0 10000
w 928 544 928 496 0
w 656 544 928 544 0
w 976 480 976 496 0
r 928 496 976 496 0 10000
w 928 464 864 464 0
w 976 464 976 480 0
r 928 464 976 464 0 10000
g 944 528 944 560 0 0
w 944 528 1008 528 0
w 864 528 944 528 0
w 1008 496 1008 528 0
w 864 496 864 528 0
r 1008 432 1008 384 0 4700
r 864 432 864 384 0 4700
w 1008 464 1008 432 0
w 864 464 864 432 0
t 976 480 1008 480 0 1 0.5867532561148618 0.6190515992575605 100 default
t 832 480 864 480 0 1 -3.5603042584653166 0.03898432344577462 100 default
w 864 384 864 240 0
w 864 240 784 240 0
w 1008 384 1008 240 0
w 1008 240 864 240 0
w 704 400 704 480 0
w 704 480 768 480 0
w 544 352 544 544 0
w 544 544 656 544 0
w 896 320 1120 320 0
