$ 1 0.000005 10.20027730826997 50 5 50 5e-11
t 608 240 640 240 0 1 -1.6054202511728555 0.19246209911054835 100 default
t 608 304 640 304 0 1 -1.6054202327819151 0.19246209911300147 100 default
r 640 144 640 208 0 4700
w 640 224 640 208 0
w 640 208 720 208 0
r 608 240 544 240 0 10000
r 608 304 544 304 0 10000
g 640 368 640 384 0 0
R 640 144 640 112 0 0 40 5 0 0 0.5
w 640 256 640 288 0
w 640 320 640 368 0
s 336 320 416 320 0 1 false
s 336 384 416 384 0 1 false
R 336 320 304 320 0 0 40 5 0 0 0.5
R 336 384 304 384 0 0 40 5 0 0 0.5
w 416 320 512 320 0
w 512 320 512 240 0
w 512 240 544 240 0
w 544 304 544 384 0
w 544 384 416 384 0
w 976 352 976 384 0
R 976 240 976 208 0 0 40 5 0 0 0.5
r 944 336 880 336 0 10000
w 976 304 1056 304 0
w 976 320 976 304 0
r 976 240 976 304 0 4700
t 944 336 976 336 0 1 0.5628755663074738 0.6080317029374277 100 default
g 976 384 976 400 0 0
w 720 208 880 208 0
w 880 336 880 208 0
t 640 560 672 560 0 1 0 0 100 default
t 640 624 672 624 0 1 0 0 100 default
