$ 1 0.000005 10.20027730826997 50 5 50 5e-11
v 384 368 384 272 0 0 40 5 0 0 0.5
t 608 272 640 272 0 1 0.5728534333471167 0.6118541370909434 100 default
t 608 336 640 336 0 1 0.572826512917941 0.6172279700354877 100 default
w 640 288 640 320 0
w 640 352 640 400 0
r 608 272 560 272 0 10000
r 608 336 560 336 0 10000
w 384 272 384 160 0
w 384 160 640 160 0
r 640 224 640 160 0 4700
w 384 368 384 400 0
w 384 400 640 400 0
s 512 272 560 272 0 0 false
s 512 336 560 336 0 0 false
w 512 272 512 336 0
w 512 272 384 272 0
w 640 256 640 224 0
w 640 224 720 224 0
