$ 1 0.000005 10.20027730826997 50 5 43 5e-11
t 160 256 160 288 0 1 0.591708622423987 0.6095882314974947 100 default
t 304 208 336 208 0 1 -0.5179837791170847 0.32672782891180496 100 default
t 224 288 256 288 0 1 -3.5886402104629185 0.5663928735656851 100 default
t 304 336 336 336 0 1 -3.819725228885702 0.32697915586250953 100 default
r 160 256 160 128 0 4000
w 176 288 224 288 0
w 256 304 256 336 0
r 256 336 256 400 0 1000
g 256 400 256 416 0 0
w 256 336 304 336 0
g 336 352 336 416 0 0
w 336 320 336 288 0
d 336 224 336 288 2 default
w 256 272 256 208 0
w 256 208 304 208 0
w 256 208 256 192 0
r 256 192 256 128 0 1600
r 336 192 336 128 0 130
w 160 128 256 128 0
w 256 128 336 128 0
s 112 288 144 288 0 1 false
R 336 128 368 128 0 0 40 5 0 0 0.5
R 112 288 80 288 0 0 40 5 0 0 0.5
g 144 352 144 384 0 0
r 144 352 144 288 0 1000
w 336 288 384 288 0
